#Cluster   Frames     Frac  AvgDist    Stdev Centroid AvgCDist
       0       97    0.049    2.434    0.815      410   20.788
       1       93    0.046    2.354    0.856     1047   17.668
       2       86    0.043    2.648    1.045     1329   16.509
       3       57    0.029    3.037    1.198     1931   17.177
       4       52    0.026    2.397    0.796      919   21.818
       5       44    0.022    2.572    0.782      708   24.906
       6       37    0.018    2.094    0.547       84   23.416
       7       20    0.010    2.440    0.782      130   15.581
       8       12    0.006    1.959    0.482     1111   16.575
       9       12    0.006    1.709    0.392     1166   16.501
      10       11    0.005    1.657    0.453       44   22.619
      11       11    0.005    1.848    0.485      196   17.069
      12        9    0.004    2.005    0.693     1257   16.967
      13        8    0.004    1.657    0.427      973   22.467
      14        8    0.004    1.745    0.494     1150   18.651
      15        7    0.004    1.679    0.435       38   23.535
      16        6    0.003    1.749    0.428     1278   15.813
      17        6    0.003    1.934    0.592     1640   16.425
      18        5    0.003    1.696    0.363      214   16.897
      19        5    0.003    1.674    0.336      297   16.794
      20        5    0.003    1.470    0.337      892   17.776
      21        5    0.003    1.700    0.487      895   17.698
      22        5    0.003    1.581    0.340     1102   17.641
      23        5    0.003    1.771    0.423     1137   17.235
      24        5    0.003    1.795    0.356     1218   16.817
      25        5    0.003    1.525    0.228     1719   21.798
      26        5    0.003    1.559    0.305     1727   18.988
      27        4    0.002    1.444    0.326      106   14.835
      28        4    0.002    1.530    0.396      127   15.063
      29        4    0.002    1.408    0.271      230   16.825
      30        4    0.002    1.699    0.348      272   16.673
      31        4    0.002    1.411    0.281      522   20.914
      32        4    0.002    1.666    0.548      569   21.991
      33        4    0.002    1.067    0.200      882   17.691
      34        4    0.002    1.681    0.525      920   20.981
      35        4    0.002    1.441    0.233     1121   15.976
      36        4    0.002    1.515    0.348     1125   15.584
      37        4    0.002    1.703    0.394     1160   16.522
      38        4    0.002    1.698    0.443     1259   16.934
      39        4    0.002    1.840    0.517     1245   16.565
      40        4    0.002    1.645    0.442     1289   17.304
      41        4    0.002    1.417    0.254     1465   18.950
      42        4    0.002    1.557    0.242     1560   18.378
      43        4    0.002    1.304    0.146     1570   18.319
      44        4    0.002    1.546    0.265     1651   16.614
      45        4    0.002    1.673    0.306     1725   19.748
      46        4    0.002    1.417    0.229     1864   20.667
      47        4    0.002    1.491    0.291     1990   17.653
      48        3    0.002    1.403    0.284      219   16.197
      49        3    0.002    1.474    0.316      232   17.431
      50        3    0.002    1.403    0.327      243   18.405
      51        3    0.002    1.347    0.139      567   21.524
      52        3    0.002    1.436    0.092      731   24.762
      53        3    0.002    1.136    0.084      771   26.281
      54        3    0.002    1.529    0.384      803   21.090
      55        3    0.002    1.351    0.274      847   20.660
      56        3    0.002    1.322    0.239      887   18.000
      57        3    0.002    1.031    0.093      898   17.242
      58        3    0.002    1.480    0.041      909   21.786
      59        3    0.002    1.682    0.384     1131   16.592
      60        3    0.002    0.984    0.153     1203   15.529
      61        3    0.002    1.533    0.371     1229   16.891
      62        3    0.002    1.443    0.033     1234   16.600
      63        3    0.002    1.468    0.090     1253   16.740
      64        3    0.002    1.454    0.291     1511   19.162
      65        3    0.002    1.419    0.242     1622   15.956
      66        3    0.002    1.499    0.127     1641   16.548
      67        3    0.002    1.282    0.314     1648   16.920
      68        3    0.002    1.493    0.435     1657   16.322
      69        3    0.002    1.341    0.242     1710   20.937
      70        3    0.002    1.424    0.161     1741   17.700
      71        3    0.002    1.450    0.226     1848   20.767
      72        3    0.002    1.464    0.125     1862   20.550
      73        3    0.002    1.532    0.142     1921   17.447
      74        3    0.002    1.328    0.194     1985   16.652
      75        3    0.002    1.383    0.249     1994   18.491
      76        2    0.001    1.460    0.000        4   20.654
      77        2    0.001    1.198    0.000        7   21.668
      78        2    0.001    1.349    0.000       10   22.402
      79        2    0.001    1.491    0.000       15   23.526
      80        2    0.001    1.383    0.000       30   22.486
      81        2    0.001    1.481    0.000       53   23.612
      82        2    0.001    1.482    0.000       58   24.035
      83        2    0.001    1.226    0.000      104   15.211
      84        2    0.001    1.449    0.000      113   15.190
      85        2    0.001    1.034    0.000      145   16.734
      86        2    0.001    1.443    0.000      156   17.461
      87        2    0.001    1.405    0.000      158   18.296
      88        2    0.001    1.385    0.000      178   17.053
      89        2    0.001    1.196    0.000      180   16.543
      90        2    0.001    1.365    0.000      183   17.132
      91        2    0.001    1.426    0.000      201   15.602
      92        2    0.001    1.061    0.000      205   16.690
      93        2    0.001    1.276    0.000      211   16.186
      94        2    0.001    1.441    0.000      236   17.397
      95        2    0.001    1.369    0.000      241   19.137
      96        2    0.001    1.361    0.000      250   17.507
      97        2    0.001    1.346    0.000      254   16.706
      98        2    0.001    1.483    0.000      262   18.039
      99        2    0.001    1.360    0.000      284   15.483
     100        2    0.001    1.366    0.000      289   15.956
     101        2    0.001    1.319    0.000      291   16.728
     102        2    0.001    1.393    0.000      314   18.956
     103        2    0.001    1.071    0.000      329   18.598
     104        2    0.001    1.336    0.000      352   17.678
     105        2    0.001    1.281    0.000      379   16.890
     106        2    0.001    1.195    0.000      441   21.454
     107        2    0.001    1.192    0.000      523   21.436
     108        2    0.001    1.322    0.000      540   19.802
     109        2    0.001    1.355    0.000      546   20.238
     110        2    0.001    1.482    0.000      558   21.981
     111        2    0.001    1.178    0.000      618   17.792
     112        2    0.001    1.070    0.000      630   20.516
     113        2    0.001    1.385    0.000      632   19.837
     114        2    0.001    1.071    0.000      633   18.530
     115        2    0.001    1.397    0.000      651   17.282
     116        2    0.001    1.421    0.000      669   18.647
     117        2    0.001    1.272    0.000      679   18.762
     118        2    0.001    1.193    0.000      741   25.893
     119        2    0.001    1.142    0.000      744   25.202
     120        2    0.001    1.391    0.000      749   25.251
     121        2    0.001    1.034    0.000      768   27.272
     122        2    0.001    1.199    0.000      781   24.660
     123        2    0.001    1.366    0.000      783   22.553
     124        2    0.001    1.153    0.000      786   24.439
     125        2    0.001    1.127    0.000      808   20.355
     126        2    0.001    1.356    0.000      810   18.883
     127        2    0.001    1.488    0.000      824   21.944
     128        2    0.001    1.477    0.000      831   20.284
     129        2    0.001    1.468    0.000      850   22.046
     130        2    0.001    1.379    0.000      855   19.113
     131        2    0.001    1.308    0.000      856   19.473
     132        2    0.001    1.249    0.000      863   20.596
     133        2    0.001    1.423    0.000      867   20.037
     134        2    0.001    1.343    0.000      901   22.520
     135        2    0.001    1.254    0.000      902   22.665
     136        2    0.001    1.491    0.000      991   20.841
     137        2    0.001    1.285    0.000     1077   18.533
     138        2    0.001    1.333    0.000     1176   16.299
     139        2    0.001    1.362    0.000     1179   16.485
     140        2    0.001    1.374    0.000     1187   18.716
     141        2    0.001    1.148    0.000     1226   17.557
     142        2    0.001    1.444    0.000     1238   16.759
     143        2    0.001    1.135    0.000     1267   17.194
     144        2    0.001    1.209    0.000     1286   17.086
     145        2    0.001    1.100    0.000     1305   16.552
     146        2    0.001    1.318    0.000     1424   17.831
     147        2    0.001    1.362    0.000     1429   19.621
     148        2    0.001    1.306    0.000     1456   18.290
     149        2    0.001    1.042    0.000     1502   16.741
     150        2    0.001    1.458    0.000     1507   17.789
     151        2    0.001    1.192    0.000     1553   18.653
     152        2    0.001    1.322    0.000     1566   17.740
     153        2    0.001    1.349    0.000     1584   18.962
     154        2    0.001    1.212    0.000     1588   18.049
     155        2    0.001    1.309    0.000     1590   20.488
     156        2    0.001    1.159    0.000     1592   21.507
     157        2    0.001    1.205    0.000     1607   15.744
     158        2    0.001    1.241    0.000     1617   16.072
     159        2    0.001    1.433    0.000     1618   16.303
     160        2    0.001    1.391    0.000     1627   16.955
     161        2    0.001    1.404    0.000     1633   17.292
     162        2    0.001    1.499    0.000     1676   17.302
     163        2    0.001    1.481    0.000     1714   19.551
     164        2    0.001    1.091    0.000     1737   17.012
     165        2    0.001    1.283    0.000     1763   18.290
     166        2    0.001    1.449    0.000     1765   19.170
     167        2    0.001    1.188    0.000     1795   16.912
     168        2    0.001    1.468    0.000     1809   18.917
     169        2    0.001    1.487    0.000     1831   21.804
     170        2    0.001    1.432    0.000     1834   23.007
     171        2    0.001    1.143    0.000     1860   20.480
     172        2    0.001    1.386    0.000     1901   19.081
     173        2    0.001    1.405    0.000     1954   17.620
