#Cluster   Frames     Frac  AvgDist    Stdev Centroid AvgCDist
       0     1598    0.266    5.852    2.925      873   31.155
       1     1216    0.203   10.392    5.458     4930   24.158
       2      390    0.065    4.914    2.142     3005   27.884
       3      194    0.032    2.449    1.050     2224   31.831
       4      190    0.032    5.688    2.781     3780   24.586
       5      149    0.025    3.296    1.496     1736   33.452
       6      138    0.023    4.000    1.914      144   30.467
       7       65    0.011    3.767    1.682     2834   28.449
       8       56    0.009    3.713    1.687      568   28.562
       9       27    0.004    3.016    1.199     4186   24.894
      10       20    0.003    2.343    0.864      394   27.593
      11       16    0.003    2.736    1.184      390   26.681
      12       15    0.003    2.750    1.222     3267   23.582
      13       13    0.002    1.884    0.593     5111   35.135
      14       12    0.002    2.577    1.147     2364   26.236
      15       11    0.002    2.427    0.807     5336   25.406
      16       10    0.002    1.934    0.559      520   29.709
      17       10    0.002    2.112    0.811     4142   23.926
      18       10    0.002    2.407    1.085     4829   27.001
      19        9    0.002    2.085    0.829      627   38.767
      20        9    0.002    1.816    0.574     3977   25.807
      21        8    0.001    1.735    0.467      925   26.786
      22        8    0.001    2.088    0.741     3694   26.431
      23        8    0.001    2.219    0.925     5158   33.653
      24        7    0.001    1.530    0.541     5675   24.549
      25        7    0.001    2.089    0.674     3211   24.833
      26        7    0.001    2.042    0.744     5812   24.270
      27        7    0.001    1.903    0.632     4643   25.139
      28        7    0.001    2.518    1.119     5834   24.810
      29        6    0.001    1.483    0.403      525   31.173
      30        6    0.001    1.539    0.450      617   37.248
      31        6    0.001    1.615    0.385      684   32.112
      32        6    0.001    1.297    0.440      687   30.959
      33        6    0.001    1.651    0.518      640   30.686
      34        6    0.001    1.711    0.657     1449   29.273
      35        6    0.001    1.538    0.592     1289   28.424
      36        5    0.001    1.406    0.304     2855   28.709
      37        5    0.001    1.908    0.712      340   26.050
      38        5    0.001    1.438    0.369      649   31.235
      39        5    0.001    1.661    0.561      948   26.029
      40        5    0.001    1.929    0.555     4302   25.329
      41        5    0.001    1.684    0.565     3788   26.847
      42        5    0.001    1.845    0.459     4334   25.658
      43        5    0.001    1.517    0.601     4476   25.227
      44        5    0.001    1.656    0.549     5132   32.774
      45        5    0.001    2.095    0.829     5519   26.598
      46        5    0.001    1.448    0.471     5911   27.107
      47        4    0.001    1.575    0.254      352   26.160
      48        4    0.001    1.313    0.224      581   29.768
      49        4    0.001    1.021    0.188     1783   29.647
      50        4    0.001    1.499    0.618      697   31.623
      51        4    0.001    1.490    0.341      975   26.906
      52        4    0.001    1.952    0.700     1268   31.672
      53        4    0.001    1.509    0.400     4175   24.081
      54        4    0.001    1.543    0.428     4358   25.896
      55        4    0.001    1.698    0.607     4947   23.448
      56        4    0.001    1.592    0.395     5573   25.807
      57        3    0.001    1.457    0.360     1216   32.471
      58        3    0.001    0.950    0.242      333   28.982
      59        3    0.001    1.558    0.184      318   28.494
      60        3    0.001    1.308    0.445     2335   27.918
      61        3    0.001    1.264    0.251     2324   26.615
      62        3    0.001    1.103    0.197      363   26.906
      63        3    0.001    1.487    0.242     1778   26.082
      64        3    0.001    1.445    0.254     1775   26.910
      65        3    0.001    0.917    0.184      527   31.235
      66        3    0.001    1.388    0.107      620   41.154
      67        3    0.001    1.306    0.195      906   25.876
      68        3    0.001    0.525    0.160      944   26.560
      69        3    0.001    1.526    0.289     2342   25.331
      70        3    0.001    1.272    0.349     1009   27.244
      71        3    0.001    1.553    0.388     1147   31.194
      72        3    0.001    1.386    0.284     1159   30.486
      73        3    0.001    1.698    0.415     1160   30.449
      74        3    0.001    1.331    0.176     1187   29.174
      75        3    0.001    1.224    0.340     2232   32.198
      76        3    0.001    1.099    0.340     2891   29.558
      77        3    0.001    1.552    0.319     3221   24.991
      78        3    0.001    1.356    0.164     5895   26.886
      79        3    0.001    1.614    0.487     4389   26.536
      80        3    0.001    1.257    0.204     5885   25.978
      81        3    0.001    1.246    0.411     3266   23.739
      82        3    0.001    1.178    0.363     4937   24.283
      83        3    0.001    1.495    0.145     4945   23.947
      84        3    0.001    1.541    0.439     3438   27.951
      85        3    0.001    1.529    0.243     3458   27.442
      86        3    0.001    1.360    0.294     3490   25.638
      87        3    0.001    0.994    0.076     3727   27.343
      88        3    0.001    1.171    0.369     4170   24.760
      89        3    0.001    1.347    0.263     3846   24.488
      90        3    0.001    1.254    0.267     3893   31.785
      91        3    0.001    1.045    0.029     4063   32.515
      92        3    0.001    1.466    0.214     4011   31.613
      93        3    0.001    1.300    0.379     5624   26.783
      94        3    0.001    1.297    0.239     5295   25.141
      95        3    0.001    1.010    0.375     4377   24.975
      96        3    0.001    1.252    0.303     5044   24.375
      97        3    0.001    1.274    0.353     5323   26.007
      98        3    0.001    1.559    0.534     5188   36.812
      99        3    0.001    1.293    0.152     5480   27.262
     100        3    0.001    1.358    0.269     5520   26.871
     101        3    0.001    1.612    0.250     5910   27.924
     102        3    0.001    1.753    0.504     5960   25.055
     103        3    0.001    0.963    0.391     5952   25.685
     104        2    0.000    1.462    0.000       37   27.018
     105        2    0.000    0.814    0.000       93   35.756
     106        2    0.000    1.045    0.000      109   30.733
     107        2    0.000    1.492    0.000      134   30.180
     108        2    0.000    1.134    0.000      148   31.815
     109        2    0.000    1.318    0.000      302   28.909
     110        2    0.000    0.784    0.000      313   27.946
     111        2    0.000    1.367    0.000      349   27.625
     112        2    0.000    1.363    0.000      360   26.747
     113        2    0.000    1.487    0.000      372   30.310
     114        2    0.000    1.438    0.000      387   28.760
     115        2    0.000    1.310    0.000      508   27.516
     116        2    0.000    1.473    0.000      514   31.158
     117        2    0.000    1.006    0.000      531   30.438
     118        2    0.000    1.264    0.000      545   27.461
     119        2    0.000    1.266    0.000      583   31.459
     120        2    0.000    1.296    0.000      612   39.580
     121        2    0.000    0.790    0.000      642   31.408
     122        2    0.000    1.165    0.000      643   30.287
     123        2    0.000    1.433    0.000      652   30.643
     124        2    0.000    1.159    0.000      658   33.003
     125        2    0.000    1.410    0.000      699   31.747
     126        2    0.000    1.067    0.000      895   27.381
     127        2    0.000    1.479    0.000      907   26.704
     128        2    0.000    0.730    0.000      908   26.687
     129        2    0.000    1.321    0.000      914   26.531
     130        2    0.000    0.979    0.000      916   28.499
     131        2    0.000    1.261    0.000      921   27.087
     132        2    0.000    1.336    0.000      922   27.191
     133        2    0.000    0.885    0.000      933   26.203
     134        2    0.000    1.386    0.000      935   25.838
     135        2    0.000    0.734    0.000      950   27.405
     136        2    0.000    1.196    0.000      955   27.022
     137        2    0.000    1.291    0.000     1014   27.152
     138        2    0.000    1.128    0.000     1144   28.564
     139        2    0.000    1.029    0.000     1166   27.562
     140        2    0.000    1.172    0.000     1168   27.202
     141        2    0.000    1.388    0.000     1180   29.038
     142        2    0.000    1.469    0.000     1191   27.457
     143        2    0.000    1.310    0.000     1203   33.691
     144        2    0.000    1.440    0.000     1225   29.952
     145        2    0.000    1.244    0.000     1235   29.294
     146        2    0.000    0.893    0.000     1246   30.874
     147        2    0.000    1.161    0.000     1262   32.876
     148        2    0.000    1.068    0.000     1281   29.566
     149        2    0.000    1.214    0.000     1418   42.330
     150        2    0.000    1.124    0.000     1444   28.290
     151        2    0.000    1.344    0.000     1451   28.488
     152        2    0.000    1.431    0.000     1499   32.644
     153        2    0.000    1.074    0.000     1812   29.622
     154        2    0.000    1.050    0.000     2127   28.471
     155        2    0.000    1.466    0.000     2316   30.177
     156        2    0.000    1.066    0.000     2326   28.266
     157        2    0.000    1.457    0.000     2340   28.579
     158        2    0.000    1.276    0.000     2347   27.430
     159        2    0.000    1.050    0.000     2352   30.290
     160        2    0.000    1.472    0.000     2871   29.299
     161        2    0.000    1.367    0.000     2876   30.020
     162        2    0.000    1.472    0.000     2877   29.335
     163        2    0.000    0.913    0.000     2897   30.279
     164        2    0.000    1.111    0.000     3023   25.230
     165        2    0.000    1.260    0.000     3028   24.620
     166        2    0.000    1.447    0.000     3185   26.093
     167        2    0.000    1.225    0.000     3207   25.000
     168        2    0.000    1.286    0.000     3213   26.015
     169        2    0.000    1.442    0.000     3249   25.069
     170        2    0.000    1.184    0.000     3251   26.230
     171        2    0.000    1.480    0.000     3252   25.096
     172        2    0.000    1.493    0.000     3258   24.300
     173        2    0.000    1.010    0.000     3289   24.488
     174        2    0.000    1.473    0.000     3313   25.434
     175        2    0.000    1.144    0.000     3324   24.819
     176        2    0.000    1.196    0.000     3401   25.673
     177        2    0.000    0.594    0.000     3404   25.662
     178        2    0.000    1.325    0.000     3409   27.607
     179        2    0.000    1.266    0.000     3419   27.316
     180        2    0.000    1.003    0.000     3420   27.277
     181        2    0.000    1.363    0.000     3425   25.981
     182        2    0.000    1.467    0.000     3427   27.665
     183        2    0.000    1.439    0.000     3428   29.734
     184        2    0.000    1.208    0.000     3432   28.293
     185        2    0.000    1.040    0.000     3445   31.369
     186        2    0.000    1.326    0.000     3449   29.540
     187        2    0.000    0.651    0.000     3453   31.891
     188        2    0.000    1.464    0.000     3462   29.068
     189        2    0.000    1.084    0.000     3484   26.062
     190        2    0.000    1.497    0.000     3571   25.108
     191        2    0.000    1.275    0.000     3572   25.060
     192        2    0.000    1.264    0.000     3608   25.344
     193        2    0.000    1.258    0.000     3672   28.033
     194        2    0.000    0.798    0.000     3677   26.815
     195        2    0.000    1.195    0.000     3698   27.094
     196        2    0.000    1.085    0.000     3738   24.717
     197        2    0.000    1.479    0.000     3755   27.838
     198        2    0.000    1.202    0.000     3761   24.962
     199        2    0.000    1.249    0.000     3786   27.486
     200        2    0.000    1.115    0.000     3799   26.742
     201        2    0.000    1.485    0.000     3830   25.903
     202        2    0.000    1.267    0.000     3843   24.657
     203        2    0.000    1.028    0.000     3852   25.792
     204        2    0.000    0.966    0.000     3912   26.950
     205        2    0.000    0.887    0.000     3988   25.219
     206        2    0.000    0.699    0.000     4071   32.855
     207        2    0.000    1.327    0.000     4074   31.793
     208        2    0.000    1.136    0.000     4086   31.844
     209        2    0.000    1.358    0.000     4107   27.327
     210        2    0.000    1.057    0.000     4148   25.930
     211        2    0.000    1.001    0.000     4172   25.828
     212        2    0.000    0.551    0.000     4204   24.369
     213        2    0.000    1.371    0.000     4275   25.994
     214        2    0.000    0.941    0.000     4284   27.082
     215        2    0.000    1.145    0.000     4289   23.605
     216        2    0.000    1.244    0.000     4361   24.301
     217        2    0.000    1.099    0.000     4373   25.495
     218        2    0.000    1.323    0.000     4378   26.168
     219        2    0.000    1.275    0.000     4404   24.607
     220        2    0.000    1.037    0.000     4458   25.111
     221        2    0.000    1.183    0.000     4474   26.280
     222        2    0.000    0.607    0.000     4514   24.900
     223        2    0.000    1.353    0.000     4522   26.162
     224        2    0.000    1.280    0.000     4610   25.295
     225        2    0.000    1.272    0.000     4611   24.899
     226        2    0.000    1.184    0.000     4619   25.593
     227        2    0.000    1.137    0.000     4633   27.367
     228        2    0.000    1.261    0.000     4650   26.889
     229        2    0.000    1.134    0.000     4654   27.428
     230        2    0.000    1.322    0.000     4710   23.936
     231        2    0.000    1.146    0.000     4806   26.438
     232        2    0.000    1.360    0.000     4816   25.924
     233        2    0.000    1.377    0.000     4873   25.623
     234        2    0.000    1.263    0.000     5033   23.831
     235        2    0.000    1.173    0.000     5042   25.854
     236        2    0.000    1.228    0.000     5113   34.686
     237        2    0.000    0.600    0.000     5115   38.099
     238        2    0.000    1.480    0.000     5120   31.088
     239        2    0.000    1.412    0.000     5126   35.976
     240        2    0.000    1.018    0.000     5133   32.175
     241        2    0.000    0.888    0.000     5147   35.393
     242        2    0.000    1.295    0.000     5150   36.908
     243        2    0.000    0.867    0.000     5321   27.235
     244        2    0.000    0.659    0.000     5406   26.231
     245        2    0.000    1.251    0.000     5421   26.931
     246        2    0.000    1.270    0.000     5423   28.834
     247        2    0.000    0.696    0.000     5424   29.766
     248        2    0.000    0.815    0.000     5425   29.568
     249        2    0.000    0.742    0.000     5428   27.227
     250        2    0.000    1.262    0.000     5453   27.422
     251        2    0.000    1.276    0.000     5464   29.027
     252        2    0.000    1.198    0.000     5504   26.478
     253        2    0.000    1.186    0.000     5505   28.307
     254        2    0.000    1.368    0.000     5514   27.458
     255        2    0.000    1.270    0.000     5530   27.184
     256        2    0.000    1.430    0.000     5537   27.034
     257        2    0.000    1.139    0.000     5544   25.876
     258        2    0.000    1.174    0.000     5577   25.899
     259        2    0.000    1.430    0.000     5590   27.894
     260        2    0.000    1.187    0.000     5756   30.101
     261        2    0.000    1.216    0.000     5767   28.284
     262        2    0.000    1.191    0.000     5789   30.826
     263        2    0.000    1.408    0.000     5889   27.526
     264        2    0.000    1.178    0.000     5905   24.545
     265        2    0.000    1.343    0.000     5907   26.196
     266        2    0.000    1.326    0.000     5908   26.875
     267        2    0.000    1.474    0.000     5914   27.216
     268        2    0.000    1.393    0.000     5919   25.078
     269        2    0.000    0.801    0.000     5922   27.808
     270        2    0.000    1.450    0.000     5940   29.278
     271        2    0.000    1.424    0.000     5953   24.698
     272        2    0.000    1.389    0.000     5955   26.051
     273        2    0.000    0.866    0.000     5956   27.081
     274        2    0.000    0.718    0.000     5973   25.013
     275        2    0.000    0.923    0.000     5993   24.078
     276        2    0.000    1.201    0.000     5994   24.077
