#Cluster   Frames     Frac  AvgDist    Stdev Centroid AvgCDist
       0      607    0.202    5.185    3.123     2016   26.594
       1      274    0.091    4.358    1.577     1623   13.944
       2      198    0.066    2.582    0.914      135   16.517
       3      175    0.058    3.302    1.208     2516   22.403
       4       95    0.032    2.544    0.928      409   15.948
       5       91    0.030    2.931    1.098     1394   18.729
       6       90    0.030    2.558    1.016       50   22.053
       7       86    0.029    2.584    0.823     1776   17.329
       8       71    0.024    3.053    1.113     2937   19.978
       9       62    0.021    3.182    1.141     1884   14.489
      10       40    0.013    2.142    0.652      354   20.469
      11       32    0.011    2.536    0.887     2469   16.996
      12       28    0.009    2.822    1.033     2298   13.131
      13       28    0.009    2.297    0.845     1060   21.737
      14       27    0.009    2.757    1.102     2326   17.466
      15       26    0.009    2.573    1.090     2174   14.880
      16       16    0.005    1.994    0.480     2442   18.468
      17       15    0.005    2.198    0.821     2863   13.727
      18       13    0.004    2.278    0.688     2762   13.662
      19       11    0.004    2.156    0.739      831   14.772
      20       10    0.003    1.847    0.489      777   19.938
      21       10    0.003    2.083    0.589     1608   14.943
      22       10    0.003    1.654    0.452     1829   14.870
      23        9    0.003    1.688    0.456     1236   14.643
      24        9    0.003    2.047    0.675     2133   13.580
      25        9    0.003    1.857    0.560     2896   14.667
      26        8    0.003    1.751    0.485      766   16.715
      27        8    0.003    1.882    0.502     2131   13.326
      28        7    0.002    1.585    0.403      726   17.163
      29        7    0.002    1.940    0.457     2128   12.948
      30        7    0.002    1.761    0.455     2151   14.083
      31        7    0.002    1.880    0.411     2368   13.373
      32        6    0.002    1.656    0.425      379   18.832
      33        6    0.002    1.585    0.397      327   18.881
      34        6    0.002    1.444    0.263      761   16.282
      35        6    0.002    1.651    0.371     2370   13.712
      36        6    0.002    1.577    0.274     2389   13.603
      37        6    0.002    1.940    0.606     2679   16.290
      38        5    0.002    1.588    0.435      800   20.058
      39        5    0.002    1.546    0.516      792   18.843
      40        5    0.002    1.671    0.453      994   14.776
      41        5    0.002    1.867    0.544     1214   15.874
      42        5    0.002    1.681    0.391     2130   13.501
      43        5    0.002    1.664    0.273     2770   13.446
      44        4    0.001    1.410    0.308     1914   25.354
      45        4    0.001    1.255    0.120      771   15.482
      46        4    0.001    1.357    0.298      778   18.768
      47        4    0.001    1.736    0.361      911   21.101
      48        4    0.001    1.463    0.171      950   16.450
      49        4    0.001    1.551    0.211     1011   19.721
      50        4    0.001    1.259    0.174     1109   20.139
      51        4    0.001    1.027    0.190     1906   23.954
      52        4    0.001    1.555    0.217     2156   14.293
      53        4    0.001    1.542    0.326     2162   14.132
      54        4    0.001    1.530    0.148     2342   18.212
      55        4    0.001    1.475    0.362     2328   16.775
      56        4    0.001    1.366    0.294     2377   13.218
      57        4    0.001    1.286    0.147     2416   18.961
      58        4    0.001    1.411    0.366     2601   15.303
      59        4    0.001    1.576    0.292     2618   15.389
      60        4    0.001    1.715    0.534     2623   15.967
      61        4    0.001    1.570    0.227     2694   16.826
      62        4    0.001    1.491    0.167     2705   14.337
      63        4    0.001    1.176    0.213     2789   12.919
      64        4    0.001    1.648    0.362     2883   13.666
      65        3    0.001    1.550    0.253      305   18.986
      66        3    0.001    1.067    0.122      311   18.550
      67        3    0.001    1.628    0.198      369   22.714
      68        3    0.001    1.398    0.251      720   16.710
      69        3    0.001    1.699    0.330      732   16.091
      70        3    0.001    1.551    0.292      819   16.736
      71        3    0.001    1.445    0.041      834   14.131
      72        3    0.001    1.593    0.265      929   17.995
      73        3    0.001    1.509    0.236     1232   14.430
      74        3    0.001    1.149    0.126     1694   15.185
      75        3    0.001    1.233    0.060     2279   14.434
      76        3    0.001    1.459    0.298     2792   13.718
      77        3    0.001    1.523    0.044     2351   16.050
      78        3    0.001    1.199    0.126     2355   13.837
      79        3    0.001    1.449    0.298     2394   14.465
      80        3    0.001    1.520    0.356     2445   16.512
      81        3    0.001    1.284    0.194     2487   17.112
      82        3    0.001    1.639    0.250     2464   18.145
      83        3    0.001    1.662    0.430     2474   17.825
      84        3    0.001    1.026    0.096     2602   14.797
      85        3    0.001    1.242    0.078     2614   14.750
      86        3    0.001    1.606    0.290     2616   14.985
      87        3    0.001    1.505    0.111     2634   15.636
      88        3    0.001    1.465    0.131     2646   16.412
      89        3    0.001    1.114    0.219     2778   13.586
      90        2    0.001    1.215    0.000       55   18.407
      91        2    0.001    1.081    0.000       92   20.677
      92        2    0.001    1.396    0.000      304   18.196
      93        2    0.001    1.123    0.000      306   19.316
      94        2    0.001    1.172    0.000      319   17.759
      95        2    0.001    1.495    0.000      322   19.924
      96        2    0.001    1.170    0.000      334   20.570
      97        2    0.001    1.228    0.000      367   21.215
      98        2    0.001    1.468    0.000      398   20.543
      99        2    0.001    1.261    0.000      478   17.351
     100        2    0.001    1.470    0.000      504   24.958
     101        2    0.001    1.296    0.000      509   26.122
     102        2    0.001    1.352    0.000      576   22.965
     103        2    0.001    1.161    0.000      703   15.488
     104        2    0.001    1.160    0.000      704   15.564
     105        2    0.001    1.499    0.000      710   16.302
     106        2    0.001    1.459    0.000      711   16.906
     107        2    0.001    1.345    0.000      713   16.854
     108        2    0.001    1.033    0.000      733   15.869
     109        2    0.001    1.437    0.000      740   14.992
     110        2    0.001    1.396    0.000      753   16.066
     111        2    0.001    1.406    0.000      755   17.371
     112        2    0.001    1.498    0.000      773   16.000
     113        2    0.001    1.493    0.000      818   17.394
     114        2    0.001    1.499    0.000      837   14.625
     115        2    0.001    1.026    0.000      901   22.106
     116        2    0.001    1.446    0.000      903   20.779
     117        2    0.001    1.392    0.000      915   19.025
     118        2    0.001    1.067    0.000      933   17.441
     119        2    0.001    1.037    0.000      942   17.304
     120        2    0.001    1.070    0.000      943   17.732
     121        2    0.001    1.469    0.000      958   15.591
     122        2    0.001    0.949    0.000      961   14.945
     123        2    0.001    0.980    0.000      964   15.606
     124        2    0.001    1.385    0.000      973   15.060
     125        2    0.001    1.344    0.000      980   14.748
     126        2    0.001    1.495    0.000      989   15.004
     127        2    0.001    0.859    0.000     1004   20.328
     128        2    0.001    1.196    0.000     1010   20.319
     129        2    0.001    1.303    0.000     1110   20.369
     130        2    0.001    1.264    0.000     1150   22.596
     131        2    0.001    0.957    0.000     1204   17.329
     132        2    0.001    0.995    0.000     1211   16.498
     133        2    0.001    1.192    0.000     1271   16.042
     134        2    0.001    0.932    0.000     1351   17.212
     135        2    0.001    1.350    0.000     1531   26.794
     136        2    0.001    1.322    0.000     1533   27.216
     137        2    0.001    1.445    0.000     1604   15.290
     138        2    0.001    1.412    0.000     1622   14.839
     139        2    0.001    1.451    0.000     1709   16.155
     140        2    0.001    0.946    0.000     1821   14.630
     141        2    0.001    1.420    0.000     1825   15.688
     142        2    0.001    1.465    0.000     1917   24.254
     143        2    0.001    1.387    0.000     2101   12.898
     144        2    0.001    1.369    0.000     2103   13.136
     145        2    0.001    1.338    0.000     2114   13.265
     146        2    0.001    1.473    0.000     2143   13.237
     147        2    0.001    1.273    0.000     2193   15.321
     148        2    0.001    1.472    0.000     2242   13.308
     149        2    0.001    1.488    0.000     2356   14.260
     150        2    0.001    1.135    0.000     2367   13.439
     151        2    0.001    0.903    0.000     2371   13.034
     152        2    0.001    1.427    0.000     2410   18.012
     153        2    0.001    1.156    0.000     2411   19.268
     154        2    0.001    1.371    0.000     2419   17.493
     155        2    0.001    1.459    0.000     2421   19.122
     156        2    0.001    1.492    0.000     2448   17.020
     157        2    0.001    1.189    0.000     2452   17.299
     158        2    0.001    1.368    0.000     2460   16.612
     159        2    0.001    0.977    0.000     2492   18.543
     160        2    0.001    1.238    0.000     2501   24.231
     161        2    0.001    1.356    0.000     2611   15.500
     162        2    0.001    1.433    0.000     2622   16.745
     163        2    0.001    1.269    0.000     2631   15.552
     164        2    0.001    1.284    0.000     2653   14.659
     165        2    0.001    1.078    0.000     2655   14.351
     166        2    0.001    1.225    0.000     2661   14.853
     167        2    0.001    1.216    0.000     2667   15.335
     168        2    0.001    1.317    0.000     2677   16.295
     169        2    0.001    1.462    0.000     2685   17.573
     170        2    0.001    1.433    0.000     2711   14.156
     171        2    0.001    1.145    0.000     2724   15.964
     172        2    0.001    1.410    0.000     2726   14.554
     173        2    0.001    1.352    0.000     2737   14.494
     174        2    0.001    1.455    0.000     2766   12.844
     175        2    0.001    1.443    0.000     2775   13.141
     176        2    0.001    1.219    0.000     2809   17.156
     177        2    0.001    1.170    0.000     2836   13.700
     178        2    0.001    1.332    0.000     2893   15.286
     179        2    0.001    1.086    0.000     2898   14.161
     180        2    0.001    1.480    0.000     2909   22.002
     181        2    0.001    1.291    0.000     2983   21.550
     182        2    0.001    1.272    0.000     2984   21.871
