#Cluster   Frames     Frac  AvgDist    Stdev Centroid AvgCDist
       0      428    0.214    4.072    1.815     1093   21.183
       1      162    0.081    3.146    1.507      542   22.955
       2       92    0.046    2.674    0.981      252   22.532
       3       84    0.042    3.009    1.178     1226   19.814
       4       81    0.041    2.525    0.866      317   22.933
       5       81    0.041    3.258    1.217      706   30.854
       6       78    0.039    3.072    1.223      417   24.301
       7       63    0.032    2.992    1.173      612   20.995
       8       45    0.022    2.728    0.960      990   22.384
       9       32    0.016    2.235    0.662     1984   19.557
      10       31    0.015    2.535    0.828      961   22.115
      11       14    0.007    1.910    0.454       80   30.330
      12       13    0.006    1.670    0.447      129   23.222
      13       12    0.006    1.836    0.523       75   30.113
      14       11    0.005    1.724    0.519     1950   19.777
      15        7    0.004    1.628    0.361      159   24.615
      16        7    0.004    1.681    0.464     1038   19.316
      17        7    0.004    1.837    0.465     1642   19.394
      18        6    0.003    1.509    0.272       23   29.551
      19        6    0.003    1.486    0.289      145   23.212
      20        6    0.003    1.662    0.292     1672   19.925
      21        5    0.003    1.553    0.425      355   23.444
      22        5    0.003    1.524    0.255     1411   19.538
      23        5    0.003    1.673    0.430     1903   20.600
      24        5    0.003    1.606    0.438     1630   20.253
      25        4    0.002    1.729    0.490       17   32.702
      26        4    0.002    1.722    0.449       41   31.138
      27        4    0.002    1.349    0.235       45   30.996
      28        4    0.002    1.429    0.289      811   24.632
      29        4    0.002    1.655    0.492     1515   18.865
      30        4    0.002    1.372    0.248     1617   20.560
      31        4    0.002    1.416    0.262     1656   20.042
      32        3    0.002    1.311    0.052        4   33.464
      33        3    0.002    1.512    0.223       68   31.093
      34        3    0.002    1.386    0.156      401   25.636
      35        3    0.002    1.408    0.300      495   23.645
      36        3    0.002    1.477    0.125      637   20.959
      37        3    0.002    1.340    0.048      661   20.807
      38        3    0.002    1.031    0.117      665   20.662
      39        3    0.002    1.646    0.342      670   20.788
      40        3    0.002    1.493    0.275      833   25.223
      41        3    0.002    1.618    0.377      851   27.626
      42        3    0.002    1.715    0.385      879   27.010
      43        3    0.002    1.476    0.227     1031   19.642
      44        3    0.002    1.260    0.230     1715   20.026
      45        3    0.002    1.435    0.187     1099   18.937
      46        3    0.002    1.519    0.311     1522   19.852
      47        3    0.002    1.632    0.362     1651   20.481
      48        3    0.002    1.558    0.309     1920   20.285
      49        3    0.002    1.336    0.314     1601   20.301
      50        3    0.002    1.381    0.050     1612   21.544
      51        3    0.002    1.244    0.176     1699   23.509
      52        3    0.002    1.582    0.367     1741   18.614
      53        3    0.002    1.369    0.233     1765   23.018
      54        3    0.002    1.494    0.319     1928   20.631
      55        3    0.002    1.305    0.227     1934   22.577
      56        3    0.002    1.478    0.262     1960   19.896
      57        2    0.001    1.108    0.000        2   32.609
      58        2    0.001    1.418    0.000       28   29.951
      59        2    0.001    1.400    0.000       30   33.003
      60        2    0.001    1.268    0.000       49   30.137
      61        2    0.001    0.989    0.000       52   30.149
      62        2    0.001    1.075    0.000       71   29.655
      63        2    0.001    1.350    0.000       83   29.535
      64        2    0.001    1.279    0.000      176   24.615
      65        2    0.001    1.480    0.000      269   22.077
      66        2    0.001    1.377    0.000      347   23.686
      67        2    0.001    0.988    0.000      367   22.946
      68        2    0.001    1.167    0.000      402   25.345
      69        2    0.001    1.347    0.000      426   25.832
      70        2    0.001    1.362    0.000      490   23.324
      71        2    0.001    1.093    0.000      608   21.613
      72        2    0.001    1.395    0.000      624   21.840
      73        2    0.001    1.370    0.000      632   21.320
      74        2    0.001    1.494    0.000      653   20.613
      75        2    0.001    1.211    0.000      717   29.675
      76        2    0.001    1.455    0.000      782   29.192
      77        2    0.001    1.394    0.000      806   25.591
      78        2    0.001    0.976    0.000      809   25.431
      79        2    0.001    1.433    0.000      834   26.475
      80        2    0.001    1.105    0.000      839   29.365
      81        2    0.001    1.410    0.000      844   26.320
      82        2    0.001    1.478    0.000      861   25.331
      83        2    0.001    1.379    0.000      867   24.829
      84        2    0.001    1.005    0.000      869   24.660
      85        2    0.001    1.343    0.000      875   26.365
      86        2    0.001    1.337    0.000      884   28.207
      87        2    0.001    1.102    0.000      885   27.951
      88        2    0.001    1.193    0.000      908   23.021
      89        2    0.001    1.303    0.000      962   22.072
      90        2    0.001    1.344    0.000      983   22.323
      91        2    0.001    1.336    0.000     1058   22.811
      92        2    0.001    1.329    0.000     1085   19.864
      93        2    0.001    1.475    0.000     1134   23.202
      94        2    0.001    1.140    0.000     1138   21.147
      95        2    0.001    1.157    0.000     1146   19.387
      96        2    0.001    1.472    0.000     1156   19.571
      97        2    0.001    1.404    0.000     1173   22.743
      98        2    0.001    1.466    0.000     1311   21.241
      99        2    0.001    1.388    0.000     1407   19.944
     100        2    0.001    1.370    0.000     1409   19.486
     101        2    0.001    1.432    0.000     1499   20.730
     102        2    0.001    1.132    0.000     1507   20.289
     103        2    0.001    1.076    0.000     1516   19.277
     104        2    0.001    1.286    0.000     1517   19.249
     105        2    0.001    1.382    0.000     1523   20.452
     106        2    0.001    1.492    0.000     1524   21.024
     107        2    0.001    1.337    0.000     1528   20.557
     108        2    0.001    1.348    0.000     1536   20.428
     109        2    0.001    1.388    0.000     1550   21.099
     110        2    0.001    1.364    0.000     1556   21.431
     111        2    0.001    1.343    0.000     1558   21.968
     112        2    0.001    1.010    0.000     1559   21.982
     113        2    0.001    1.476    0.000     1561   22.071
     114        2    0.001    1.361    0.000     1569   20.552
     115        2    0.001    1.438    0.000     1573   21.598
     116        2    0.001    1.375    0.000     1578   20.874
     117        2    0.001    1.456    0.000     1582   22.230
     118        2    0.001    1.076    0.000     1586   20.261
     119        2    0.001    1.346    0.000     1602   21.089
     120        2    0.001    1.059    0.000     1605   21.266
     121        2    0.001    1.126    0.000     1611   22.764
     122        2    0.001    1.433    0.000     1619   19.993
     123        2    0.001    1.447    0.000     1626   19.794
     124        2    0.001    1.205    0.000     1635   19.223
     125        2    0.001    1.444    0.000     1638   19.522
     126        2    0.001    1.250    0.000     1670   20.514
     127        2    0.001    1.341    0.000     1676   21.277
     128        2    0.001    1.376    0.000     1692   23.331
     129        2    0.001    1.155    0.000     1696   21.554
     130        2    0.001    1.181    0.000     1735   18.815
     131        2    0.001    1.222    0.000     1905   21.235
     132        2    0.001    1.388    0.000     1910   20.929
     133        2    0.001    1.198    0.000     1912   20.962
     134        2    0.001    1.287    0.000     1923   21.339
     135        2    0.001    1.061    0.000     1931   21.735
     136        2    0.001    1.186    0.000     1940   19.142
     137        2    0.001    1.408    0.000     1958   19.709
     138        2    0.001    1.146    0.000     1979   19.491
